1648664

5358140

6182468

6493520

7190492

13826268

20462044

27097820

33733596

35413212

38772444

45490908

52209372

58927836


60607452

62287068

63966684

65646300

67325916

69005532

70685148

72364764

79083228

85801692

92520156

99238620

105957084

119394012

121073628

122753244

124432860

126112476

127792092

129471708

131151324

132830940

139549404

146267868

152986332

159704796

166423260

179860188

181539804

183219420

184899036

186578652

188258268

189937884

191617500

193297116

200015580

206734044

213452508

220170972

226889436

240326364

243769052

247211740

250654428

251515100

252375772

253236444

254097116

254957788
































